4045
13231
4417
7159
7356
5278
3016
9648
6119
10220
12443
6384
10084
7912
3595
8963
772
13182
2425
102
11508
12581
5792
8255
410
11760
1253
12644
902
10089
11615
9850
2264
6879
9469
7310
4156
168
8132
10726
4404
1534
11413
1701
5697
4351
3447
13532
8337
12354
5711
5987
7286
8784
13683
10860
5117
6926
7492
4708
1844
7202
360
2614
4462
10815
3366
4801
1385
6596
11554
9384
12447
8346
12940
4101
468
993
2236
11421
11846
5598
13219
7191
8718
8217
868
1944
8466
9090
8696
6908
7021
8170
2485
7448
12216
4923
181
487
9103
13621
4862
5595
5952
13559
2629
9960
11487
8871
6735
884
2271
4031
5833
9790
3275
5927
10414
8620
6552
5763
3386
3617
13276
8854
11684
2320
7199
4750
10845
3702
8581
10237
12741
605
862
13712
10590
11670
6193
3694
10557
11932
99
10143
2157
4046
12776
4871
10023
11500
7921
1217
5357
1002
6625
5781
13240
8387
2928
4850
12999
11910
8079
3204
2325
1593
8354
4884
11133
1983
9145
8807
11547
5221
13152
7228
6389
3950
8460
5019
3706
3827
9656
6885
12092
1078
10434
1010
11959
4094
1022
11304
2626
6444
4176
3011
4714
5646
2483
9785
2122
7278
3316
7338
1453
2791
9255
7894
2058
4231
10872
1580
11334
12397
7172
8514
7868
2927
9458
10873
353
12209
11697
169
13434
533
7807
4365
4649
6590
7539
11136
10354
8140
8483
6664
5538
3305
11124
11240
11001
8570
7146
11518
8138
11432
6699
12275
11004
13406
1978
9453
9415
1270
811
1039
10325
9660
3312
977
6526
177
11373
5180
11178
2826
8302
4403
2119
63
8077
5640
13293
542
8511
586
7895
7007
7033
10939
3499
8309
1617
12772
1579
4028
12068
9663
8790
13116
6705
8145
6237
7233
2798
3059
4119
10409
455
5504
10708
4367
8
6597
11609
457
13176
13584
10286
4834
4191
6319
7440
3800
2400
3889
6215
9676
7474
4693
13705
3194
6437
7942
5071
11102
4325
11184
11836
12587
8379
9222
9976
12428
3573
1261
5324
7907
13387
11434
7844
13477
8521
11203
4394
11273
4139
10995
1372
7273
2884
1402
3065
7203
6422
8726
2899
6388
5436
2848
7187
6743
4029
4201
10329
12543
11541
1945
5483
6282
1114
2858
2312
6071
1351
9695
5809
6584
9253
7412
7728
10950
6152
4392
6832
11596
11066
8201
4807
9757
12607
9221
9150
4099
399
2980
12160
6393
3251
10165
10282
7873
1713
1623
8303
2388
13506
7093
5981
2677
8290
1575
5610
11118
8844
2676
3651
2974
12106
1799
4299
10511
12963
8982
1358
8908
7300
9016
12258
7963
1923
12322
10428
3445
5921
3614
8612
8040
4450
13119
6537
12117
13585
8880
6225
5890
12011
1368
7990
1984
5438
1482
608
6693
8651
12057
385
8550
3912
3859
4092
12170
2802
13222
11188
1659
1791
1989
3872
1744
7417
4436
10446
8074
9147
4168
3844
11532
13228
3090
13104
13169
2442
4129
12726
450
12907
12960
1953
4115
4764
1107
6092
8271
7216
1697
4751
927
7550
8518
3887
1320
11365
10715
9345
4861
3910
6072
7379
13011
13158
10504
10751
8288
1086
2366
1393
2991
2310
3601
1373
3437
5076
2301
8214
12341
11563
1121
7433
8689
9761
10838
8276
3616
12817
7484
9870
8410
3434
4502
10510
11255
10366
12618
12930
10886
12486
1483
4269
8298
8607
6580
10559
9247
8495
3409
11678
9724
304
10155
10362
311
8593
357
749
10192
9316
13707
8163
13115
8568
8323
6077
4842
6706
13411
7580
4043
10090
9139
12777
1006
8938
7222
9463
4918
10678
248
5015
4162
2512
3295
13549
3487
5635
12075
518
70
1957
9440
11068
5886
4705
5456
1489
1139
2144
10066
3063
1795
5225
10607
13198
4190
624
2375
8101
2270
4296
6857
8205
11269
6755
1430
5271
1199
7173
10341
5955
13565
3441
3288
10334
5740
12876
7719
6847
3334
7225
217
5524
7856
2167
3578
9842
9712
6648
13626
2034
3433
7747
10298
1475
6475
184
10847
13097
8452
10894
12955
13318
2527
5038
8720
5382
7872
2036
7247
12143
592
11308
218
1743
2029
5928
7467
795
4414
3509
2019
13438
9564
10689
4189
11618
4982
9629
6532
4077
12634
2704
10407
3024
6044
1061
9787
7210
3691
9825
9272
5337
1493
1457
1626
3707
8541
7063
5549
1083
3421
5257
9420
9279
5512
1197
7601
7254
465
5597
5849
13519
113
7625
4348
747
11196
10753
10443
6608
35
13127
13261
47
8898
2150
12964
8274
2507
6794
9753
4040
4949
12821
9994
4810
13304
11010
13371
3996
1889
6137
2948
9487
4397
1213
7582
6386
3355
2189
11778
9854
5942
8678
9423
5993
9225
3798
5846
2128
13048
11091
10796
538
12059
8236
8778
2117
8900
9541
7375
6162
10566
10356
9403
13235
9318
7136
6151
12633
10191
2337
7169
11633
4464
2477
13720
6205
7937
9615
11976
11509
3833
13322
10437
10074
9488
379
11624
6632
12718
8193
6927
1650
8786
9386
6301
8881
2662
2754
13583
2452
8246
6955
13057
12513
9416
10718
1621
2582
11743
13751
10455
3111
10694
7602
8747
5381
12935
1328
167
11762
290
8261
12263
5623
8394
10619
4288
12856
6695
8650
9597
8012
8485
1533
5748
4947
11643
4783
8635
4822
10556
1562
12673
12749
5493
6455
13039
8598
2357
4993
9970
11732
7127
13195
247
13560
8739
11187
13568
1634
5339
12879
6720
8639
10085
511
2988
2796
8873
13627
6021
5125
5677
2002
5270
9699
12537
6051
12577
12529
5589
11813
5826
10889
135
431
2913
8985
2099
1310
5328
8424
10762
5764
1026
8300
9232
900
1769
3323
11858
5502
7771
7251
8446
6611
10735
41
12824
2771
11948
13521
3351
9611
9704
5786
1190
10747
12113
7799
9727
1683
9220
11431
1408
10377
13288
13647
5001
6373
4743
12753
9436
11011
5219
4382
937
6346
833
9462
7393
6357
872
4905
13023
5380
13021
12162
4447
6575
4477
3938
7309
4048
8974
13704
10076
8055
4605
284
2067
9915
3015
8886
6577
12262
8902
173
8802
3289
10858
9830
9666
5834
6141
3488
720
10553
10207
6551
3060
3375
7899
8085
10364
3623
12773
2859
2081
2183
6186
1491
7672
4580
10752
3422
11799
4701
7061
9113
5912
4903
10572
8585
11644
6177
2955
9612
12976
1516
5900
11047
11076
6605
11558
3043
13275
3794
10770
10683
11064
119
3314
2069
5692
10254
1720
11387
657
3680
2009
2055
11988
13597
7405
2519
9934
2012
4742
704
9402
2039
8366
150
9797
12290
9626
8282
6214
9646
13701
8890
12472
6658
5933
9107
11950
7653
5769
1433
4110
11267
12985
5396
1705
3984
3528
2619
4407
2554
10017
8272
1175
7047
3703
33
12641
5359
10132
5425
2348
2487
6556
1688
925
1606
9470
908
1530
7685
1662
4526
7410
4843
6945
12638
13377
6778
764
11048
1085
7324
2753
8796
8660
5794
978
11962
7087
6698
50
8922
6109
8114
7095
4738
8128
8606
11890
8496
12754
9969
7276
10509
5228
13496
3031
1225
8355
5183
9931
4238
12828
7838
396
8745
7741
10405
3045
7709
1470
4237
5290
930
817
434
8852
1035
2021
1326
2766
200
5379
3207
13393
251
1739
10623
9174
5964
5046
7318
2303
6424
4793
149
8552
13332
8054
9026
10984
11953
9245
763
8203
10999
2342
3070
6378
1766
10919
5773
9869
8222
4691
3946
13750
8382
5790
83
5643
8559
1383
12500
2664
3931
10943
5848
429
8447
4830
8693
9826
12334
13283
5114
8697
1740
293
1783
3980
12676
5522
637
13203
653
1602
8028
5985
10904
11783
9088
9957
11173
2616
11629
6878
10036
13075
13191
5723
103
5532
1157
11961
10742
5875
8692
9226
9498
647
6824
4879
1512
6392
10118
9234
11991
7100
7046
11114
2864
1665
543
4089
1346
9713
9304
13505
2596
12671
5304
9039
10972
741
8200
5044
15
3105
7261
9746
10068
4184
10988
4250
9803
9659
4398
714
5145
5400
4679
5514
3891
12943
2109
8742
4215
839
9718
11599
10234
9270
12242
13278
7038
8437
13251
744
932
1142
1599
12055
2182
2894
1786
4128
9570
2455
4393
8701
10194
530
6459
12789
8952
6508
8115
1954
10862
13452
13131
13580
1297
6131
11973
1684
2254
7925
895
11417
11512
13478
828
13573
11354
1226
11366
11155
13737
8979
9955
6870
2788
535
11770
13628
2992
6182
11838
3753
10563
12208
1178
9675
2909
3724
12371
3208
13258
2351
4015
2501
1043
11659
7615
373
12791
9332
13290
1807
10107
3037
12345
9924
9249
2534
8257
3846
7335
4767
3851
4202
7229
3492
12584
185
13582
3025
4100
6176
7556
2054
3592
12339
4301
8048
10275
2308
11943
6909
4004
1935
13484
4695
12896
11069
9782
10633
11153
9876
9209
3268
5354
8156
4118
1236
7414
12026
8937
7639
676
9964
10021
5034
4217
921
13149
1182
10612
2995
221
8065
1327
4536
5259
4772
10618
2206
7120
11181
8334
333
5888
11768
4643
2531
10799
2536
4374
11280
8414
12022
9008
3540
10505
6536
13269
5082
8628
10905
3988
12247
724
12518
8998
4165
13541
7315
8614
8443
4653
447
7726
13546
5843
9356
9938
6682
12001
2390
10846
5931
4347
683
10022
12346
875
3206
9701
3290
6264
1315
12514
5657
6108
3570
5936
13236
914
2751
6594
2820
10164
7049
3379
8539
3643
10243
13126
3341
6779
7700
5418
2267
3689
1237
8197
12368
101
7030
5910
13225
10121
2334
1355
979
4520
13689
8950
1488
13005
12123
1586
1018
1153
907
9717
11439
1323
3837
13241
4506
4702
9044
9593
1722
11460
12686
11587
10795
5572
3668
7589
12271
10671
4659
10760
19
4012
8057
3469
8622
11073
8037
3418
5747
3919
321
3698
10670
3576
13495
8524
5358
11268
6161
9069
10569
6415
9387
8677
11263
10956
263
11840
2020
10531
7974
12082
13380
2714
11429
473
7541
7945
13137
4730
12996
8494
9799
3955
1418
5205
11115
8683
7534
8153
2435
12007
12799
4098
3098
4604
3231
2816
1247
9289
12189
2232
12721
9574
13552
5653
6407
3325
850
10782
1655
5689
8178
9383
2201
5466
5920
1964
13220
11469
7471
1880
5206
967
12318
7284
10113
10206
95
11311
3404
7562
13686
8818
7952
12972
59
3684
12995
10920
13345
5553
13250
5282
2405
7900
3478
10307
461
7688
5778
6210
12138
6385
13144
9040
5312
7163
6661
10069
7864
398
7107
3669
2344
327
4333
1053
5286
9445
8875
10615
11667
2807
1921
6291
8904
330
7320
2085
9022
1768
613
1282
12099
6223
11854
11562
14
10073
13517
4303
7342
10079
9329
8142
4513
8131
611
3678
4064
4328
10316
3813
3461
5279
5371
7076
9751
6631
7475
13536
2177
6684
1730
7488
12566
12597
6522
2459
11724
4097
2701
3154
970
11034
13199
9102
7750
9406
2453
6032
2456
3463
8672
3372
11578
4026
6073
2611
7065
3745
11570
2998
6194
9849
8587
8348
13540
8870
10116
12642
10609
11902
1166
9584
3942
2407
5049
4991
11423
11370
3948
4739
6006
12280
5852
3058
1111
2954
708
2769
4148
5349
11893
8137
10007
1347
10761
8713
9606
2805
2087
1208
10668
424
554
944
5838
6478
8493
7820
4684
2478
8098
9972
1965
6557
13310
4639
3344
3909
10432
11098
573
3550
12205
9176
3611
6856
7681
10941
11996
13187
4540
4091
7377
11588
68
10638
6134
13315
12343
7067
12118
11498
9643
10925
2996
5412
5403
1595
2145
2184
4608
6803
6485
4999
732
245
4901
2417
13148
10744
5028
2655
9737
2952
6821
9480
11343
10217
13648
673
2628
7505
7058
6452
476
2615
5212
6440
9525
6607
5715
2856
1611
12544
4013
12166
1508
6433
1350
12833
2589
2929
13538
5519
9644
2876
7307
2609
4194
812
8504
6298
3013
3429
10519
10908
3100
2124
10878
6084
6651
12407
9671
1427
2473
11823
11819
299
11639
3378
1413
114
5958
3656
10896
6329
230
12549
6518
8698
8297
4149
4454
3752
1520
6286
11553
9740
214
4860
10643
11742
7364
9063
9104
4226
696
4685
9231
3143
6839
6199
13024
11660
10249
9292
13285
11863
6880
2631
4877
2471
13614
5716
7696
10548
8866
736
13291
9451
3244
6874
2865
2095
11949
4291
3898
11340
2215
3652
5399
1747
1498
10843
3613
10061
3076
10384
6442
7623
11326
31
8273
10911
8862
10508
6030
4074
12058
5292
4638
11202
8999
11126
6595
9084
11821
5361
483
5152
2323
10476
6572
6143
8530
10792
11565
7435
4111
6224
12063
2439
12149
10725
4720
7272
9923
7341
7955
12448
5385
8116
8330
8887
12411
1414
499
668
11908
4549
12482
13673
303
4081
3857
4501
9025
10274
11585
4671
12602
9362
2919
3995
4600
8540
12292
4395
8084
12798
1068
10731
553
13200
11853
13607
4688
9545
2227
12631
8953
11982
2680
10355
420
8889
4010
1496
1047
11481
7796
856
9948
10650
10278
2595
2525
4696
6512
6277
8879
820
1643
8136
10401
107
367
10215
11142
6110
7386
5140
4561
7852
9608
13691
4292
12266
510
700
10224
2900
1277
6248
5664
39
3708
4663
7111
2412
13403
6959
6306
9537
9143
11499
346
11490
5202
474
9305
12768
8324
8071
8462
6627
12737
12386
10571
971
6692
7439
5163
8487
5751
1201
5990
36
10327
12027
5709
5608
8748
8030
12413
3660
11230
1288
13058
13305
4244
10349
1746
13287
4337
11113
6369
5050
9071
10936
7780
6950
210
1950
651
1396
12792
4562
7425
1670
6216
3485
9967
9773
4617
3941
9306
484
898
1732
8579
5309
9875
2420
1250
8218
13612
13672
7250
4170
7792
5414
582
7051
8254
5174
9526
762
10467
1870
11535
9886
2495
738
4759
2746
6934
6363
6167
10991
13006
3166
750
10389
4614
1839
12842
1275
7105
10438
6867
4664
2319
8035
3944
3971
10104
7447
1369
740
2698
7444
1188
12767
4902
1570
11355
6923
2127
9237
13744
1981
12643
5156
7540
3817
2057
8216
9251
7768
10739
4084
4874
3069
12998
4147
3834
8515
9099
7975
10029
562
3411
3094
640
1669
12279
11527
11688
4885
4459
13634
7532
3881
9851
10279
9546
12863
180
8331
10154
2218
4746
1955
1057
9407
8440
1399
10549
12539
9661
6714
11077
6245
6050
13046
1210
13432
8247
2238
8729
12860
9391
13531
2984
9243
7328
12645
4455
11006
1434
13734
92
7271
12347
5980
2448
13680
12651
2444
9883
13013
9683
11195
5340
12449
7529
1084
428
6311
11531
12440
12272
3221
5531
7153
408
10358
1608
9552
6660
6925
4342
4075
8454
5181
2957
949
8610
8279
9578
9607
5932
6206
4984
6018
12984
5327
10834
1421
5277
3704
819
2993
3785
4989
3902
10296
3120
7442
11604
1285
4959
8067
10662
8765
1091
12408
73
9004
8878
4093
5681
8510
291
6247
3991
4838
2089
3821
1801
12606
7231
3963
4339
318
11050
4467
10062
6884
1825
4281
2470
144
3563
6550
13465
6087
10746
7028
1830
6334
85
3532
1219
3077
9835
10771
12370
3877
8798
8970
594
7360
4962
4484
3000
7642
13555
12892
4053
61
3068
10976
9808
6114
10888
11364
8972
6196
13645
3781
6896
12692
958
8008
1513
2290
12008
1479
13194
4127
13385
6377
12491
7157
9350
12171
7387
8250
8977
3780
5250
11591
13180
127
9035
9857
9096
6835
9205
12080
12654
6883
275
4193
9640
1272
5148
7854
8723
6723
1897
6922
6717
13503
4894
11734
715
9669
3017
1118
2692
11970
8233
2818
2316
10842
5612
3169
10631
11963
8314
12284
4740
8473
7981
4412
11878
5725
1864
8187
10111
8637
3307
3692
13234
733
4731
4352
2457
11566
6750
12621
7689
2874
11237
4122
12193
6083
6669
11885
11057
5537
13711
3222
13300
2777
12462
3131
9513
6520
3107
6904
6641
7422
9730
11519
1793
1692
6613
13637
13173
493
12498
157
10974
3038
5999
2688
10466
2287
8412
3405
965
2760
10378
2252
7753
2578
438
12303
3571
1614
6630
9810
8897
8027
12020
13467
756
12711
1090
5701
3467
13325
3393
5169
13675
11056
3855
9294
7655
3297
11673
9413
7637
1878
13295
13108
3522
1119
13586
7640
5828
3646
6189
8358
8627
10436
9023
3101
1432
3958
6462
5460
2174
5464
2102
7713
12674
2656
5835
1934
12132
7213
11841
12667
5369
5405
5963
758
8762
829
7885
13391
3921
5556
2447
7567
11316
5601
7839
10020
5306
9211
3819
11436
1459
6436
8459
4768
10100
13593
5025
3465
5386
12141
2673
134
10402
6423
12880
9460
13346
799
13259
7691
427
9340
11384
6425
12819
7292
12286
13146
1255
7724
4660
12888
8991
2318
9533
8722
8630
6844
8111
3146
6399
8781
3804
9073
13518
11179
11442
3822
9497
5165
13600
0
6258
3455
7457
2924
11198
10728
9988
6657
12479
3014
7551
5703
8509
5478
2018
4489
5263
4344
3526
3519
9057
3128
8239
8600
11017
13248
3184
5508
11361
7743
13110
216
4952
4387
3299
7757
866
6929
43
17
3728
8372
1883
13363
9152
9117
11483
11630
7472
3328
4953
7267
7188
6820
11396
12796
13694
259
443
8439
8962
2968
532
6561
13439
8777
8869
13312
13357
12623
430
13698
8806
2328
6173
11887
577
12782
10372
7738
6554
13085
12317
1698
761
4104
796
3080
13034
3773
5858
7103
12951
11275
2546
1941
3608
3547
6220
9166
10099
10034
11075
9399
6270
3233
10413
591
13513
4123
2910
1041
9507
5040
2517
2221
7366
9021
5762
7706
6170
3387
9861
7438
960
3842
5775
3449
6728
883
4308
7969
10390
4019
6862
10946
7283
9266
13590
3886
5155
7976
9201
5129
4329
2450
13107
13460
10604
3873
11907
8959
1160
7289
8402
11025
9178
2154
3884
12177
8091
10863
2742
4618
10767
12236
10304
12684
7302
4246
12226
1147
6703
11721
7671
5996
11771
13596
1886
623
4816
1339
13595
10198
2935
5566
4216
12353
1501
11675
3021
5707
3079
3615
10153
10655
9115
8545
6023
5331
12505
6802
8756
7621
11090
4062
8760
12060
9901
11079
5684
12452
9170
7861
8196
12617
5120
1472
4981
5844
9082
5421
5474
7811
11685
9613
12125
3954
2210
13558
578
1511
6307
12329
4755
3647
414
6920
6461
5863
10933
426
621
2094
12147
2380
5814
2340
4295
265
10005
6014
10702
13678
11766
3746
5333
8122
4791
9581
2088
13262
2142
12766
9983
9758
1082
1671
10415
3116
10189
5195
9505
9432
1971
2608
7749
4192
9349
7198
694
6746
12332
6497
9142
4441
11488
2966
4401
12220
3187
11891
2882
9906
10465
11119
8821
8583
11625
9630
8794
11452
7635
1463
8649
376
8015
10451
2216
4556
11977
12553
9520
11478
5861
12555
6517
13746
3495
3710
2392
12629
2484
8000
7800
7614
2046
4410
1254
952
9293
10809
3635
4829
2932
7388
9334
1718
13081
11864
10458
13664
4794
13669
4965
7565
5058
4035
4220
2564
3585
12895
9691
1536
1056
1146
11070
1937
5862
1031
6387
8147
3482
13386
7897
4925
6954
2543
96
2474
2684
2522
6466
13157
2239
3679
4336
12038
3027
4665
1042
2389
12030
10697
1592
2391
3082
13516
4400
10420
8572
13344
3193
10186
4519
13550
2901
3
6027
6853
12657
11277
6187
12136
13416
3542
11256
9709
439
6921
3425
6729
4936
4863
9703
13265
10696
88
11495
2576
6000
8788
13153
4313
12431
274
1281
9450
10883
4265
5437
6562
7344
5822
10530
3978
12973
6343
4676
6606
415
8827
2250
13358
5272
3562
10672
7428
710
5434
9711
407
5106
7831
13185
12548
6310
2893
13523
3214
9355
5489
12270
3210
12239
3546
12656
12281
8359
8715
1523
7633
4359
10496
1110
11289
1406
10137
5220
6817
11299
11212
9385
8001
2559
6850
12897
10103
5908
633
3717
8377
2168
9052
3658
8099
131
1486
11078
5090
10806
6271
8253
774
11674
11360
1631
2333
3315
7258
2540
469
7332
3424
9024
9081
12563
10579
11702
3975
5960
9050
8500
598
13742
563
1905
6290
4553
6076
1576
5173
7676
6978
2764
4463
3501
9819
11027
12532
79
1694
9455
2372
11814
7573
8617
4914
12877
13723
4640
6480
10018
6886
2091
3213
6586
1904
12473
2837
7915
3132
9056
2498
1851
5459
2030
2588
7803
4480
8686
11406
1145
10450
12050
12467
13745
8422
10661
9514
8543
6876
852
1494
4442
9006
2464
13308
12105
1805
2288
387
9330
2937
13616
188
1123
10219
12630
10686
6790
3369
9517
10713
1594
7588
9822
500
5830
9191
9417
8836
2231
7599
2633
5905
12065
9594
590
6843
11368
13428
6029
2075
4375
6058
8730
6201
7333
11225
777
5885
2347
3474
13639
1194
9363
7197
12601
11683
2304
6463
5702
9464
8674
1113
2982
656
3254
7255
13188
5547
12795
3130
13659
10287
13451
2813
6757
565
8361
1803
8020
12379
8596
840
1642
7450
9239
5066
3448
2666
1972
46
1149
8642
2943
10575
11427
765
6300
3527
7018
1566
3274
5761
11134
5070
11716
2620
7772
7070
2613
8621
3026
6118
10245
5511
9619
1011
6101
6127
11061
9240
9553
11218
2685
7855
3997
13442
10970
5032
911
4509
10673
11677
12952
5199
11790
11109
10891
2727
1345
1444
9100
5749
4256
6260
8294
2422
6302
2732
80
7150
4024
4102
335
4974
13303
12525
3508
1572
9401
12104
879
3545
11749
3477
1509
1896
3599
7665
7627
8455
10832
10536
1845
8237
111
472
6335
9689
10928
4641
10803
9706
7139
12430
12385
13170
1183
9965
12941
2861
11606
7085
3852
2108
6861
5130
3755
12213
5444
13588
4315
10072
4878
13421
6571
6147
4954
7301
8061
12110
12847
11786
10839
3219
8759
2186
13323
4073
9296
1193
45
4533
11503
976
11147
5245
1578
11926
3559
2963
6350
10522
1584
3772
7862
11739
12912
8899
1975
12765
4521
6676
315
11796
5719
6438
10464
10810
12669
2840
3520
1624
7075
4972
6849
10940
2315
6017
8943
12238
6697
3989
1071
13414
11691
4105
6037
8167
2404
11459
3035
5605
409
5168
37
2286
576
3751
3468
12335
2973
7145
10926
713
13211
6747
4429
1087
10125
2335
5264
11236
3705
1454
9617
9297
11930
881
2906
1710
5579
4682
6914
6203
9229
2245
8876
12867
6679
6860
6624
6209
8457
12087
239
8093
5893
11916
13082
1597
8863
1097
394
9902
1901
4900
3860
12414
1180
7586
1911
4475
3353
8993
3006
2214
8673
2781
6281
7277
8763
12460
6814
5500
9354
2879
4872
11492
5771
8812
12146
4779
12681
5914
8675
10585
1691
6013
7631
5513
9290
123
9968
1952
11782
6325
9735
4786
11560
4112
13009
4003
3413
5584
8919
8525
906
7626
3693
7346
12762
3118
12668
10543
10876
12406
7821
13488
794
1891
5813
9448
8536
295
5431
11526
1046
5576
5727
5284
13355
1785
10547
286
5651
11381
1758
12111
1284
4870
7281
6759
12232
11651
13239
9257
4609
3033
567
6822
10083
549
4125
12432
9605
5568
1731
3574
10469
12904
10336
10376
13314
11205
13164
2648
2586
5404
4948
12458
6125
8481
3160
6041
7660
8011
11735
7517
3480
2377
11276
11295
12695
5376
6634
3115
12412
10763
6952
2025
11882
9928
5967
11444
9538
11116
12464
2585
1303
3282
8413
7399
6418
13674
5903
8710
9375
4096
12710
9263
10534
9389
1613
10794
10497
6906
11172
6769
2015
6888
5667
6148
7068
5020
8063
2981
10291
467
4106
12010
8127
12218
4921
381
106
7481
6492
2638
9929
12829
12611
3838
11386
411
7652
8506
12716
4438
13738
12194
3858
12861
11711
4245
4341
4448
1503
10158
5937
7530
4667
13665
5426
10855
10385
12850
1862
4504
12831
7376
2360
5860
8956
2133
8735
8928
2406
29
5424
9796
5804
2801
5821
5899
2922
7793
8388
568
11788
11239
11232
10359
1245
10545
7293
1458
1943
1835
11906
316
108
12094
5128
6997
9271
9950
6345
13690
10315
6489
6107
6075
5665
13456
1748
7711
9778
12770
7914
2678
7113
5062
2715
9314
4219
5151
5632
6321
4420
6338
6145
4819
13244
6138
8681
5389
1398
5758
973
4209
6234
5564
7242
9217
12089
7918
7174
9909
12752
6178
5118
7802
3721
7784
1374
3088
11818
6515
4069
7515
8653
4457
2458
5998
10624
5100
5344
11161
10
7592
10717
10692
1426
11105
3265
7746
10962
718
7334
9522
7499
8014
5035
10780
12729
11129
10892
735
10637
7606
323
1344
2140
6560
10947
6727
909
2627
9300
6601
3399
496
10475
8576
10675
9438
10630
9572
12381
9535
3470
1206
7919
12067
8086
10800
10008
1195
5186
13679
7144
1423
4785
4606
9133
10196
13469
11177
288
4257
7091
5294
12337
8882
10134
9252
8401
13001
388
836
10098
10374
280
6053
12690
6939
5837
7717
2675
13463
1112
5013
4058
11842
11510
3784
11828
1034
13324
8732
267
11611
9858
1598
13601
7826
9479
7590
8316
11347
6765
13499
8939
13567
3048
12302
12949
1379
4890
11628
10577
10861
11121
10821
416
4630
11285
3371
1962
3790
620
3894
1703
652
9367
7359
13401
3473
3776
11557
4233
1232
11826
12225
10303
5787
8221
8368
10790
2516
9452
10542
6903
7824
4716
3603
11507
4590
8231
1506
11919
10031
11972
13413
730
13109
9156
11997
1745
3853
13422
2709
5735
3388
6011
7578
4353
4754
11217
3126
1156
7720
32
9284
10676
1336
12403
12493
11777
10772
1610
939
4527
4023
12384
10115
10127
745
4083
7496
2877
11946
1741
8507
2651
5970
3002
1821
7765
1330
11183
957
2110
5527
1660
5836
6383
12241
655
9918
6753
10503
4881
2199
2960
5563
11958
12722
9634
11580
1405
13383
2625
10550
5022
5353
12988
3148
7773
2873
7748
5916
6618
7219
6798
76
6086
8241
12560
2260
1775
4622
93
13273
4007
12417
11063
5528
3181
8522
1076
2338
13156
1885
4985
9975
9697
4832
2759
12983
4515
4030
3352
1437
1233
12211
13066
8204
8062
2465
6266
5756
449
4411
3621
2317
2185
1890
1155
13578
6734
5391
1728
4338
9856
11888
9966
11883
5006
2503
6499
2463
9483
2846
7459
4602
1612
4814
2191
1729
10255
9571
8825
13457
8764
12882
4047
4629
9001
8846
4560
4240
4635
7074
2755
2492
3139
7463
9194
4672
3272
11712
5023
2889
788
8113
4828
13042
9380
6330
4789
9568
8108
11746
1780
13444
2959
9534
7249
349
12712
10791
3349
42
801
3529
5107
981
3458
4978
5099
6427
6786
4889
7785
6647
6756
2756
916
1616
7801
13562
2146
1833
12053
5196
9045
11616
10561
12012
9889
782
13713
6504
11686
8296
2401
9471
4205
2152
11159
2947
8769
7934
5008
12000
7740
8544
6827
3023
3541
3279
13093
13498
6213
2804
2211
6227
10597
10263
3133
5261
5267
4320
7012
2107
10146
10398
3973
5582
3034
10166
8929
3286
2367
8425
10580
440
11590
11035
12304
6395
9029
1224
8251
2592
3247
7317
9801
5805
6991
2691
4132
5712
5123
2249
2552
5042
8986
9230
3649
8184
9066
4851
6913
8400
1360
3196
2037
486
9112
783
6887
12434
10565
3238
11784
7303
5144
7207
13715
4963
10480
6958
1915
8949
6662
3464
2138
11054
4919
742
7020
10684
5465
7367
12705
3442
5061
2847
9169
11060
8390
8310
13138
5674
6208
8688
1834
8703
8976
11543
11482
12853
13124
10012
12184
8657
3003
23
9728
3524
10059
6933
8280
1309
9431
7252
3475
789
10914
10934
3284
13301
2514
4385
12511
13014
6020
13136
9838
11437
3688
1395
4706
5815
13676
4747
10151
7477
10711
5363
11051
10460
9635
3301
11748
11859
12052
5948
712
4279
12155
7887
9622
1822
8634
11216
7735
12046
7180
6066
1977
10931
3264
5559
252
7476
2098
4826
10391
3671
10879
9962
4416
12959
5768
12360
7664
5430
5857
10903
9694
5079
11168
7195
8631
13661
9893
8663
5992
56
3412
9780
2855
5246
2986
11410
13610
9936
11033
11455
6292
8072
7917
2188
8975
4049
11350
11320
8626
9490
3544
519
9987
4508
9566
11602
7019
227
7234
10444
8840
8741
12845
9287
1699
13668
11933
1877
513
12285
4802
8814
12451
9381
9652
7520
5030
7781
7305
2916
480
13059
12580
2577
4896
12461
7201
10313
5714
7675
1596
10709
3896
9693
1349
12437
6081
3777
12646
10930
8270
8081
9707
10472
6458
11219
2762
13515
12519
3685
3602
9862
9573
1446
8983
1020
705
5397
1866
9030
13443
12954
10989
2574
11605
2956
3742
3914
12316
1419
1103
5224
5453
6639
1558
12786
6005
5800
11756
3523
4542
10311
3400
13317
4721
4722
7995
11603
2652
9863
5226
11146
11192
5766
10807
292
2836
10885
6341
10605
2870
6498
6098
9673
10184
6825
1318
2730
5318
9567
8344
10471
12550
2228
7034
4418
8420
10330
5234
5350
6830
356
13427
11839
4584
837
266
2006
5841
9946
2362
11327
11065
11315
10032
5372
12590
826
8947
4253
10588
12243
7066
1441
3066
9118
2748
6259
8736
3061
8019
8013
11513
1963
3125
5609
13542
1127
9913
10826
5406
10387
5375
6348
12720
1543
3263
7886
8965
2268
7110
5950
13280
132
10765
11377
603
5440
10576
393
12589
5098
6505
3928
8728
4983
11925
6965
9621
2277
10710
3234
12425
3498
4950
7453
13003
7593
401
11210
7563
10836
9723
11245
4680
6128
3403
6045
3883
12265
8644
13221
6133
1573
12794
8557
2423
11993
10309
7132
6567
6523
11689
10179
11898
8471
809
10094
2650
13362
13622
10691
3190
3620
1702
5688
8926
3650
12380
13205
8134
11612
3370
12924
8740
9963
9338
8528
10226
11573
11058
9357
5706
664
9486
8229
7275
3347
1568
462
743
222
9003
3994
7767
6503
625
9770
8395
6104
11005
9360
11290
12157
4449
7782
456
11029
8450
4335
2621
6713
12948
6902
5146
10923
13566
1760
842
12081
11672
5494
12492
2902
9162
8520
8948
8031
7571
5477
8183
11870
3431
12962
8299
13396
12868
9033
11162
4725
6688
11112
5883
11007
12299
9241
9812
368
11530
3593
1415
6831
13633
13479
5733
4960
12168
1721
8005
4060
13254
1824
9672
12986
11059
11699
3232
1918
6243
1569
9985
347
1242
6535
6180
12217
8565
12825
6431
9317
10924
11999
11281
8523
12779
10370
8405
11416
5503
13641
12233
11144
9733
1222
5479
2134
11830
6848
9164
7682
509
9595
12152
748
1259
4718
1888
711
12061
12561
6654
11696
11979
4808
3329
3293
7407
10833
11293
11978
9210
13359
104
1794
2386
11525
4847
7013
1658
212
13592
4419
12966
1359
334
6973
3110
792
233
7460
6153
1064
209
10498
9997
10774
4498
6192
2413
7337
10122
10614
9049
871
1263
1618
4345
2414
6752
12376
7205
1220
9371
1765
5216
7420
12248
2001
8052
4581
6174
1485
3582
2523
12062
12129
3078
4833
1305
4782
9468
4381
10491
6987
12586
2165
617
13343
10393
5239
7466
9393
9791
8180
4770
9301
13476
2004
13147
3047
9592
12187
12655
11324
6948
8370
3095
9668
3285
6956
13178
6195
1313
12639
12422
9716
2903
6740
3333
3053
10175
7716
9000
2269
10957
9430
12320
8602
10493
5384
11028
13623
4707
12257
2114
6157
7822
7200
2602
11803
4607
9589
8240
4756
5321
9927
520
9602
6070
12610
9075
1092
9992
7528
4913
9212
3771
1109
4655
1038
5639
20
7224
5617
934
11180
12433
13204
1726
4490
9441
12084
1737
8480
561
6851
12687
10897
1162
10052
9188
5871
1527
8488
11556
2930
58
13043
10977
11729
4483
2291
5872
11797
6969
11880
11468
1649
13569
8283
2724
9726
10050
13007
11634
13070
7053
9378
7181
7791
11085
7949
3870
7001
13080
2907
9878
8971
3538
915
4415
9820
9288
1817
13430
3949
337
2072
11913
9657
9585
6946
3513
2815
6398
11811
8161
9971
7298
766
3782
6592
1144
12823
2510
12975
2273
13213
7077
8022
4864
13336
7603
11805
12401
4924
4532
5411
1672
7808
5767
4055
6211
1808
2275
3761
5922
9698
9055
5687
2045
8532
10485
5113
1295
7458
4687
3952
5554
4317
9213
444
858
4439
841
5627
10239
7456
10602
994
7883
9392
1554
1973
7336
12961
8709
8144
2513
2835
4700
2445
2233
3050
9193
400
11345
9527
7220
9628
1023
3298
5496
8327
13431
13501
13226
7649
5562
7944
6834
6742
4080
803
1550
1009
13714
2737
5095
648
7968
2862
4975
12910
8209
550
10312
8542
211
11497
8124
7535
10046
3543
6339
1438
2515
2868
2434
5045
4792
9982
9604
9148
1314
10180
13649
7316
3979
12
11166
818
2784
11904
453
1049
13331
1656
3457
5746
12018
10797
13524
5139
2908
10172
940
5683
10857
10587
9157
6749
8772
4634
9319
12496
5407
1400
30
3677
8104
7443
10337
10120
13091
7168
7182
8198
1108
10502
12456
3229
6421
8671
11374
3319
9199
6355
11681
12920
7591
2553
7699
5364
2686
6253
10269
1563
8075
11985
3071
10690
11523
4474
6935
10881
10241
4856
5268
2853
10967
12017
10456
9048
6872
4601
11945
5803
12683
2213
4929
12883
9993
10964
7670
2111
9275
5620
12968
8223
6061
4446
12435
10310
9892
5026
7924
13020
11031
9364
11395
355
1429
7503
11484
9926
11257
11765
332
8249
12293
4224
964
120
4930
9377
12520
4710
3281
2370
2544
7060
8513
2885
11243
2178
8107
4898
5153
7983
10212
6918
9421
9990
3123
11021
1544
6435
13556
9848
10499
8824
9276
8753
945
9818
4550
12278
7142
12738
13095
1675
8645
1561
10639
12865
8779
4541
9322
12325
1095
10242
12393
3287
12223
677
2605
1392
5902
11897
752
1711
3737
13454
11744
3215
8149
6961
1777
4113
1770
11720
5909
3022
4228
12649
3012
12559
7246
13747
4619
12313
7238
5795
11502
527
7810
12622
4264
4262
7044
1919
701
11156
8629
5018
5654
4423
10880
4868
1298
11167
1352
2926
6670
10680
1287
9980
10365
12485
8727
12899
3697
2013
9195
4373
8291
10951
7403
2147
7290
7847
5473
13360
8171
13644
5743
8860
9185
11089
10051
810
7017
9502
2073
9563
10347
10078
885
1477
1790
6877
2008
7441
682
3895
6482
7936
5642
57
7877
5847
2399
9159
13242
4126
12204
10599
1468
1416
470
2358
2722
8119
6069
11728
11661
7978
4525
4610
5614
11086
10622
3869
13193
11845
6454
5770
9682
10819
4674
1055
2281
10216
6412
1924
4907
11092
12429
1075
1115
3936
3533
8376
460
3032
4207
12310
5613
1452
2149
319
9839
6372
1922
13162
12562
13603
11099
8893
11283
12980
2129
12859
8492
10014
11298
2509
1052
11785
11980
4067
5024
1456
6964
361
7814
12925
13570
3145
7645
7508
8126
9562
12210
9500
8855
10996
540
4235
5507
11648
8373
9034
12416
754
9119
2003
2542
7510
6315
5218
6818
4271
100
9807
5362
4766
12301
4880
8489
601
8750
12268
5957
2431
1044
10648
1557
5009
1487
9636
12650
8885
2115
12214
5491
11353
618
6405
7663
6472
3396
1600
10152
9616
1615
1752
7770
7596
2083
8248
11542
9859
8773
12507
5147
13174
675
2545
4371
11448
3999
13065
5096
175
7248
3609
10769
3787
6025
9734
2225
3049
12497
1126
12066
13092
9809
2441
1322
1603
4210
10705
11847
4065
1294
5007
12862
10170
12515
4071
1507
1559
7416
5577
12032
6088
11199
6558
1836
5611
11012
7171
5335
1354
8191
8699
12135
4844
4723
8842
4032
1235
10424
7176
9696
12255
9265
2251
1025
11866
11914
11981
10830
5945
3397
313
636
7558
10895
8774
11408
9895
8594
6890
2970
6984
8121
3885
13217
10610
4771
6491
10381
5880
8029
11663
11231
10741
1840
12506
9494
3673
10452
11909
4698
13717
3320
5192
2272
12923
4254
4773
10952
4709
847
6417
5544
5526
7890
5461
8911
7501
6323
4597
1417
5785
6784
3848
604
7828
13112
2078
8909
2311
10786
4343
1471
1982
9665
4466
199
485
3270
4724
7042
2823
4551
5336
3245
4453
10411
5817
13364
3749
2202
9891
11220
2794
6149
11242
9489
524
9638
947
10611
9898
13277
1280
122
4366
13099
6889
2302
12410
10328
5820
1005
3460
5896
10293
12358
3055
3566
12252
2132
8094
11662
10285
229
10994
4001
12571
9639
8444
3007
10654
4587
4221
4305
8426
6931
2750
8256
8292
4376
2944
6569
2718
3362
10270
7369
5824
8064
13400
5230
8260
4161
11723
10581
7608
11319
5322
5561
12614
12077
12181
8892
4867
7841
1017
6730
6473
8829
1928
350
7953
12855
10333
8419
2500
7662
8849
564
1582
5545
2175
10035
13724
3933
2707
13581
5211
7507
8451
10949
3535
7834
8861
2397
3739
10743
821
2063
9282
81
5419
9068
12735
9910
2697
831
4574
3826
5924
1397
9404
2833
12938
12785
13111
8268
12163
6096
48
8404
6181
8654
10501
12165
10323
4095
2689
7434
7055
4845
5210
3990
2373
5676
12632
2758
8839
2488
10440
13389
3880
13459
8047
7836
4934
12624
11501
2209
5235
3945
10850
2164
2886
6650
9933
516
10712
6113
5666
172
639
11357
11995
5065
1143
13407
11294
11514
9123
1832
8918
9481
3686
5700
10419
12444
4537
8351
13101
834
2486
10272
11852
8416
7624
12128
8546
5467
7134
65
6810
6366
9341
2024
8118
354
5360
7729
11371
7363
4762
10427
11141
12174
3395
6333
4568
3127
6130
309
6105
7584
12914
11850
4354
7752
9121
6951
3587
9214
2583
12670
2770
4812
9897
9359
5087
8362
5171
8059
3209
8538
3905
12273
10779
7402
13232
9894
8141
2379
9575
9598
3634
4169
7732
11695
13491
3428
4421
1101
7932
6690
13118
3250
4409
4140
3557
709
118
2022
4598
10685
6179
11920
7306
13247
12582
5227
7553
4681
5003
6351
6912
4273
5739
5470
5816
13667
13069
87
8526
3382
11931
9070
403
13388
3350
13263
12878
9690
2241
9800
6400
9020
1027
13349
7769
5517
2436
7502
9286
5298
1278
2042
8877
6074
5157
1425
5027
5281
8456
1502
13398
11780
11270
6942
11800
6064
678
5851
9558
5265
8360
12840
5053
5215
7495
1070
8129
2480
11433
3392
1099
5484
13429
10656
418
8687
5819
13227
1947
3336
2299
8408
8845
13448
208
7072
3682
7794
9736
13365
528
5329
779
722
11333
8724
1860
11665
13151
11650
12481
1992
2332
8936
11074
8278
6117
3459
11798
12662
7089
10870
11378
5492
7702
4518
12540
5138
13201
11461
257
10461
10386
11851
10981
8803
12142
3625
702
3189
503
12131
5441
2556
848
2248
5616
372
12182
5317
9755
7865
5303
4052
3937
6252
13605
12626
11224
9846
4076
997
4332
6994
1176
13327
551
4840
4372
3497
12378
6347
8973
11446
11564
5176
5829
6062
6598
9136
3588
10528
9419
693
2533
5011
3443
982
10368
5943
12953
4222
91
5652
2266
9845
7744
8725
8776
261
12759
3337
5497
8978
7636
3626
445
5111
5965
3555
2194
6866
11754
3367
9129
2867
2526
9132
7078
9376
1168
4144
5149
84
3149
11584
880
8516
9756
10197
1467
12820
5641
9238
452
4326
4044
13697
4137
3039
7926
12169
5825
11292
579
5236
9632
10144
7464
5587
12024
2467
4157
6349
10520
413
402
4428
2084
3057
10284
164
12274
4302
8934
10266
3317
11018
3934
1847
10844
1334
10558
12797
753
3064
7798
706
3491
4573
10663
5580
8045
3151
12873
3799
4022
8076
1074
10149
12937
3438
8380
12454
9236
2429
246
3815
12761
3632
9161
2262
2246
835
5064
6202
432
6741
1173
12295
10584
4656
5289
3757
9224
250
6494
13458
6840
13464
6795
3407
2729
13615
8215
433
6977
10626
12509
9677
13366
7523
11336
10256
5629
4002
4753
1332
9038
6865
6983
1443
3681
6576
4310
4899
7054
8021
12227
12222
7920
2569
9834
4277
3666
7628
13619
2446
7756
5802
3657
10546
11094
3172
1223
7308
4166
544
1204
12926
7985
12530
2637
13321
12127
11441
11462
11994
877
12569
196
13404
3383
4379
10890
9843
2997
3908
2571
10024
6496
11868
12894
13175
5721
6443
4969
6479
4711
4163
6545
7223
10319
2682
13135
2508
6842
1510
4314
12382
12527
5356
5972
1244
7039
8060
12126
4121
11736
4995
9954
7131
1876
8225
5262
254
10776
4511
12048
5159
11956
759
5481
654
5297
10317
5812
5288
2892
3401
5636
1420
3044
2830
9295
328
12922
253
12400
6159
5323
8341
4377
6022
5092
5377
3019
3029
2636
8744
1131
3018
2945
3659
9722
9741
7762
2663
12595
5378
13564
1362
7217
5533
3481
13249
6255
10067
7853
11654
5112
5940
6760
8563
9303
2880
5839
3381
11511
1302
7947
4957
4836
9775
7764
8761
5720
6826
12088
942
12041
3235
3257
10400
10168
176
435
6649
308
1565
3964
2135
9473
12074
8817
4977
7698
13186
595
12031
4625
8482
5332
9264
5351
11435
2623
8830
4572
10417
12592
231
179
12733
737
13223
7391
10302
3865
5865
6057
7893
109
5705
7401
1321
5935
1995
6495
10620
12875
9036
10463
800
10399
2086
5501
6200
8757
69
5367
9427
5682
13068
9308
5170
1680
377
1469
5961
2603
4181
8293
13632
10669
13010
4505
10591
4230
12471
3091
2726
477
1329
2283
3732
13268
5873
8169
751
12942
7760
11574
873
6620
7559
8997
8957
4564
1545
739
13475
2683
10537
10148
5121
9141
3518
6775
2354
11610
7313
773
6745
12124
5200
10869
641
8023
7524
7809
3203
4309
5204
6249
865
5516
8819
13161
8791
13598
9512
8638
9244
962
12457
10187
9258
13172
9618
12783
3309
2166
363
10513
3723
2825
7787
3597
4726
546
2940
471
1641
9565
3338
6967
1172
8624
5273
6672
6085
9731
6791
11816
8409
3364
6916
7109
6724
11764
1410
8661
12534
6666
11646
10218
2694
815
6500
6762
9880
2131
1797
4575
5190
3122
5853
5365
8304
4275
12730
3089
8403
11656
13729
11727
5253
237
1532
12957
7268
3410
2831
12535
1535
3879
5302
7436
10490
7383
1299
6739
6273
5499
8470
6930
13165
11014
1480
2793
1601
13453
5091
6804
2329
7518
12005
8484
12441
3661
10335
555
4825
1163
5680
11097
4715
397
13369
2506
12102
8083
9043
13017
8146
9379
723
300
11550
8159
4294
6875
4185
12365
7050
13522
3142
9313
11827
7630
3205
4955
4582
12469
13166
8384
13468
10801
11274
1152
13224
1212
4503
11291
13347
5894
10010
5427
8665
8066
665
12402
5994
642
12715
3767
4272
12418
6123
7149
786
2857
6112
9811
3202
8658
8176
9466
4187
12153
11409
4824
7923
6067
2905
4626
8441
996
8009
9824
6408
6250
8369
5523
6275
8903
156
9051
3085
12827
1552
8874
7903
8916
3795
495
8289
2321
8097
11451
151
7931
10441
9603
9396
1738
3001
12202
10481
8499
12392
12070
2883
3720
12119
11733
7325
5471
7536
10906
2276
4823
6800
4704
4461
343
7946
4136
9904
7998
8582
2223
4196
2584
7613
6858
9532
5081
11137
8868
8694
12579
11204
4734
12832
1465
4593
2234
3565
3903
5840
283
12746
12450
11792
6175
9443
13700
4151
12793
5938
13297
8262
12939
2121
7073
12769
5012
5859
10586
9767
3161
2630
13599
11708
9186
12349
1203
12164
10338
616
1926
3114
2641
7600
12340
2562
8558
12294
2728
6312
5728
13721
11132
7712
12296
2126
12702
11330
1357
8771
805
4694
9395
8531
7960
3140
4280
5338
10360
566
7583
547
12723
26
1067
3918
4486
6604
5529
6678
5398
10162
6188
10087
10835
1221
8810
2548
13029
437
8695
11642
12523
5269
1861
2699
8935
9586
10871
2481
7598
11597
2706
11621
326
5135
6733
5325
2499
1004
6957
12613
8046
8375
6836
4011
12306
534
3770
3960
7859
10346
585
11325
9554
9745
11759
5799
8157
9947
491
13512
10109
6932
10495
11300
7525
6464
8573
10781
3548
12813
8206
7040
1916
3185
7288
6712
1910
4034
8049
1133
8951
5080
2518
9871
1317
4368
121
10521
2449
13356
5662
6080
13703
2601
6568
1522
3484
2173
3283
4554
3605
11857
6429
12215
8243
12484
3768
5077
9411
4038
3502
1407
4631
7874
240
4935
8719
13533
7971
2579
7514
3269
13143
1867
5550
7959
13631
13716
2521
9058
1820
2410
7025
51
3888
6637
5187
11415
3577
4565
6725
12047
8534
11321
6391
8743
1858
3779
13113
4961
2809
13078
498
9864
12693
9192
5198
5072
425
4284
13036
170
228
7884
8981
2741
5137
12034
6156
9320
7840
8721
2921
6001
5718
9373
5583
11592
3653
4323
7795
1128
8883
2331
2208
9551
12245
7988
3153
13735
10764
13620
13215
6240
4990
7104
2374
6673
1632
9798
2298
8847
4252
8805
2721
6975
10529
7948
12395
7965
12627
1736
13351
10645
5736
6962
9366
10210
12176
13545
9961
5094
2640
13031
9158
6054
9269
11170
2550
8034
10963
938
6768
11719
12192
6449
13702
6434
13374
4852
2644
12025
11392
3165
3639
5069
8018
6529
7745
4487
2061
4645
8158
2812
12911
11884
13298
12373
2549
9684
7265
888
12130
9912
4174
7372
12090
1024
11456
4848
7646
12254
1951
8797
351
13604
983
5480
10784
6702
4797
7406
3662
13487
6947
4657
6414
7194
7506
3150
10814
13502
4813
7695
5969
13088
9680
5143
2939
8618
9515
4510
1340
12898
1391
8872
10097
10667
9995
10105
8287
6146
6367
1583
1412
7819
12040
2256
10171
11335
8168
2212
5603
2622
9079
6004
5417
4938
11390
3624
11030
4267
12361
11266
463
1754
7881
9601
5638
8285
6380
7677
8833
378
3106
4803
1335
12107
13334
2716
8813
8242
7048
5446
9434
12415
12108
1811
6322
8809
11741
9749
1894
10129
4661
10707
8888
7090
6221
8396
1189
5194
9197
12459
7632
7037
8746
3454
9072
7319
6829
9372
7612
7727
7634
6428
7666
13537
10236
4613
3992
6691
12727
7322
1030
12575
2220
3774
9747
10642
12653
1755
8117
10138
9623
4327
11751
110
13047
10182
11131
5731
2917
9725
11403
12541
6326
9940
1515
13000
12682
12466
11601
2263
4479
7958
11682
11539
893
1490
11019
1850
10080
8857
324
1215
8700
2933
4689
10156
9855
11804
12636
13375
1129
731
2918
7775
3084
6808
7297
4588
4304
12760
2795
7572
798
6232
734
7733
2244
178
9509
12989
1174
13741
12396
1831
11110
8165
11037
1781
3201
198
6451
11282
4087
5193
548
3339
12981
13509
1187
7465
8608
2532
12704
2314
10140
9772
11430
8284
7533
7585
66
5127
4712
5214
3260
7497
5033
10159
2572
9394
13233
622
1681
8139
787
3332
6390
13189
6008
11772
12035
3280
1411
9664
13237
9307
9248
11899
515
6158
478
11117
8109
10811
2647
11272
7991
6899
2040
8051
1033
12445
11346
2598
7879
6191
10766
9189
7237
13485
9309
8421
344
5521
13706
7015
1871
2977
11206
3986
7209
13218
2888
10851
7349
4623
8679
4818
12977
8944
220
12648
10292
8668
11445
10479
7759
8265
4016
7816
4248
10506
12596
10721
11524
5868
6487
8641
13352
1264
12342
4241
5650
8025
12512
9919
12635
4866
9530
2881
1677
8177
6060
901
10489
13658
2296
3402
7966
296
12083
4153
11165
8267
12470
27
12780
10163
6772
3829
6244
11921
6486
3248
13129
10877
4391
12207
2580
13044
11879
9344
1370
13557
10397
8969
5551
9868
5254
681
12809
4775
5422
3159
9978
2987
4908
1882
10297
6758
9511
1940
3296
3534
5974
3729
490
5708
1181
1375
5014
7779
9219
8431
626
4758
12502
2112
9485
10514
7731
1767
10063
4180
10392
7911
1462
6379
2887
8295
684
4539
4514
13695
9814
6671
6805
6453
10802
1366
3916
13483
2639
13019
5602
12427
5729
5730
8364
7204
5296
12098
2300
4787
2938
5659
9390
13008
8832
1979
5979
3803
4534
9281
8406
8211
7669
7607
3734
11024
2934
9037
10299
4800
2280
9896
7882
6700
4469
5133
13373
6681
5428
998
4130
5266
9679
13489
1784
3182
11923
7116
494
10379
10664
7908
10064
2860
2038
4041
11595
2897
366
849
8990
12357
7704
9128
8166
2653
7654
3503
9763
6095
1541
10025
12195
322
2031
5089
12095
813
7235
2528
12903
12180
8371
6375
6280
12658
11806
5274
1079
2226
7259
11522
12574
3515
7482
2705
12212
11849
7722
1164
3261
8042
7964
1450
8423
6126
4229
9921
3862
2936
11101
7080
3917
5487
8731
11194
1723
10110
7512
8336
305
4056
13084
2999
8749
12409
1231
1514
2313
10056
1451
11546
10812
3479
9422
11731
4321
9315
838
13635
6470
13652
7500
11598
3899
12021
3567
12747
5452
3087
12006
11894
4546
4692
1714
10887
4270
339
11072
4086
6663
903
11176
3218
7516
588
3365
2670
5515
3589
34
7118
28
2395
8349
5458
5506
10740
2170
12902
10701
889
3878
3322
12931
3514
479
12815
5673
9482
2774
7620
6559
3733
12019
13026
12719
4528
1654
4274
219
223
11862
5798
8317
5982
4239
5882
1590
9627
3256
8664
8498
8625
2181
8822
10259
1473
6165
6103
10410
5217
10369
10244
4817
9478
8398
7690
6521
8269
6507
1209
8192
421
12033
7889
1706
1158
2306
273
171
3956
5606
12709
4865
8704
3188
1725
12554
9368
1564
1782
843
12866
8343
904
3494
13309
13033
10507
1547
7396
11480
2080
7928
10484
10283
7933
8374
3985
13492
13064
11707
10070
11265
7211
4677
6533
3820
5209
2646
8332
10515
8913
256
9754
11545
4350
12327
7257
5649
5923
6365
10632
2155
10027
7370
12229
7837
6685
3715
7656
9246
4057
10044
11405
3622
5648
4516
6403
3102
7354
7930
558
10038
10868
1436
507
5275
8318
4472
1869
5663
5402
5930
9590
755
13100
2339
4050
9053
3836
12755
4386
6332
13646
10695
6621
2118
7680
13732
729
501
4522
643
912
1539
9743
1211
7092
10124
12552
672
4915
6106
8670
3377
4476
5615
12091
1464
4745
12276
1192
7152
3793
1872
7445
3590
10768
6360
3158
7487
11100
505
243
7413
6719
7348
5678
506
11241
6501
11164
11671
8313
4717
6222
8486
8537
8816
7581
1773
8188
3010
272
11227
797
3618
2381
2829
8574
7008
5586
7708
12826
12028
4633
312
6510
746
7707
3569
790
2476
8961
6120
5557
12837
2570
5753
11989
11895
6448
5599
10039
4355
7797
2163
11822
10783
11951
380
12531
1292
1912
8449
599
3892
4141
5540
1652
8106
1893
10214
6502
4362
13629
375
1966
3957
12073
5696
1243
11359
11082
8391
941
9999
3346
2657
13447
8968
5326
8992
6578
2799
4306
9952
11400
7244
298
11226
3823
12620
7977
2035
4039
8994
9867
1499
3512
13640
6828
7130
10119
12625
4085
242
13142
1644
7371
9267
5594
10318
9425
5231
2076
4103
7493
5968
10865
3966
9529
13461
12900
6754
9125
12137
11438
4078
7754
2778
4603
4932
1985
3861
7774
325
12905
6394
12387
4054
2237
5229
4571
7454
1268
864
4942
2253
6010
6911
9002
6998
371
9853
7940
609
4651
11505
10732
13271
12808
2364
7766
7148
3789
10041
5581
8478
5060
13486
12100
662
13335
2776
4535
7189
8917
5573
6135
4427
5247
11450
3981
7825
2669
3977
279
10200
7452
5197
12260
12811
4155
9285
4883
5807
3809
11182
4683
9351
11575
9841
5593
9920
6897
4563
8517
8655
1269
2350
1384
8604
5856
297
12097
10651
9019
2077
8603
10980
2229
2842
2537
194
11407
7362
6636
7498
4042
6553
5505
6854
6761
5300
10621
320
7135
1371
13500
2654
3398
12424
12870
10133
11549
926
244
7469
8207
143
5983
8151
2363
10071
129
1161
9544
13470
5953
287
10042
5308
1170
12522
11032
6792
10075
1859
9813
9089
6781
9343
3121
1311
1032
8339
9182
6382
7910
931
691
12446
6364
1909
13394
12993
44
3939
7108
4319
2965
3969
12319
9095
7478
6308
4159
3092
11208
7954
5555
3982
12269
6940
1404
3195
10804
9418
8940
969
11160
6543
2843
2851
13056
11705
5956
10978
4471
8955
11042
1789
11844
2059
7143
8589
1902
4686
12364
8090
4922
6785
12230
75
2345
6447
8430
4586
13238
8856
10973
11213
1553
5874
8432
11440
13419
10290
5695
2941
9149
9180
7381
11084
1620
13739
7905
9688
11152
6782
12072
9202
1609
3096
2415
9642
2017
2971
13480
3246
124
1106
1814
12599
2123
12917
9625
9837
13296
2197
4051
1216
7701
725
808
10308
10223
4906
11262
12426
3962
10657
2671
1764
10938
607
12616
11026
3217
5737
8479
2053
3164
9647
10538
12228
1657
8069
2710
12604
7549
4266
6715
422
5316
2845
4066
12109
5244
1001
4198
2418
3575
6726
3847
961
8823
11318
13643
757
5313
2284
8613
4827
12812
807
3907
7023
1956
9412
11215
2402
9887
1073
6524
11698
13743
8095
10251
11533
10371
11496
1003
7658
12517
7566
12697
5368
11108
6289
9144
13579
985
10688
6169
10533
7384
9577
12564
12884
2462
268
7962
3580
71
11175
10596
2821
12336
589
9609
9054
10993
9932
3758
6845
2028
9447
5454
9085
10714
9015
13163
2432
4647
8469
8864
896
11322
1587
6686
1719
6100
3806
10560
3961
7036
13376
890
12388
4006
4939
10932
8910
5898
10351
10982
10383
584
3932
1260
9599
310
1716
6009
2052
13553
4668
4298
6646
3783
1008
7347
13577
12887
8383
9278
4059
90
1987
9943
12305
7279
11044
13053
11936
12103
2925
10979
8185
5884
2341
10425
11317
627
9228
7545
9336
4765
13210
128
10986
11491
4182
7299
6995
2398
12374
1186
11049
13367
5314
4247
13139
1096
6653
1273
5698
8793
6797
6615
3358
7755
183
10394
6513
4567
6603
11412
1961
4992
4891
8039
5869
13041
6226
10345
9742
1251
3176
3359
9457
8826
10652
12369
7411
7538
1051
8464
4763
1874
7282
10477
4322
5831
11158
9260
8925
12051
10704
4485
8615
3924
8768
10157
7850
3113
3303
1690
8834
5048
10841
3308
1504
1806
3871
3791
13096
11627
1717
2696
1848
4512
10221
6622
3435
12565
142
10468
6992
12423
9060
1117
1756
497
6751
870
3357
7678
721
886
13206
10086
11791
8347
8102
11960
11286
314
12300
10840
4204
5850
6129
5447
3129
1996
11740
3968
11947
336
10875
11515
9531
2985
4620
6531
11965
3558
12538
3416
307
13651
10442
348
5918
7243
13072
4482
8263
9254
6855
11189
9840
11209
9233
1666
7579
5570
52
9140
6263
1445
9027
10280
1695
1574
10193
4405
1630
11567
1881
5074
5509
12139
9311
9774
9542
186
5558
7185
12714
11955
6587
1234
9620
3915
446
844
5201
12093
10608
2440
3103
7692
4774
6974
6094
2153
5518
11020
5067
11608
10601
11457
776
8417
12781
6324
4920
12186
13062
9705
3136
11583
5462
3183
11422
7522
11966
3199
10416
1289
13087
13130
10235
7542
1879
11679
9173
5457
2148
4131
1036
8828
13106
4134
649
6711
861
191
8301
6026
1942
4331
12178
8775
7972
10646
10295
10202
2775
4145
2617
2411
1094
6065
1546
4589
6034
6953
3135
3856
12680
6419
3805
9097
7431
6774
12079
464
1257
2259
5630
13328
6231
7382
11356
1262
7212
975
9844
5866
6582
2387
13382
5021
7129
13022
3882
6055
12499
10912
3875
2789
1857
11927
4108
5213
8281
3255
7323
2690
7389
4627
10252
1319
10388
13589
5162
9981
11529
1135
4529
3505
4749
7086
9124
13571
6336
10043
6982
11709
2505
2904
570
1448
3414
11087
10942
6837
3226
13402
4383
7845
3539
9720
13086
2827
5780
4996
1338
3262
7876
9922
6838
5741
650
6039
2258
5395
12014
7082
10687
3521
11013
4478
5660
67
12893
10907
7609
1258
10983
11717
991
3504
8305
919
165
9059
11750
4594
11149
2850
10003
13722
11614
4460
10261
6623
13657
8490
2735
5669
4988
12375
2378
9548
4172
8092
13102
2103
3759
10723
1837
13214
13397
5710
8799
4500
1093
9187
6718
9877
8960
160
203
6483
3940
4933
7647
1230
3046
7957
2915
12950
4251
6111
6204
2725
4290
4334
383
7485
4886
857
370
6539
2561
3801
5455
9321
11305
6859
9365
11939
13292
5944
615
2575
53
9806
3340
10423
12465
9261
9216
5876
9353
8995
1812
990
9536
11537
8411
2942
3163
4678
2618
3612
8235
7871
10997
3792
9559
3439
1892
13539
12834
5255
5167
6460
1505
12708
670
897
3306
8026
6239
2890
6003
7739
10665
10758
8397
2
12398
6079
531
11860
8181
11901
6476
12267
11655
8923
3406
5991
6328
12864
2565
2581
11233
8385
2607
9624
13030
2104
13609
9804
12591
4994
10289
5057
658
4434
13063
3816
6773
12967
7260
3904
12246
6811
13266
3700
10500
1788
11680
6314
3645
1776
192
9012
9414
11831
5388
9459
4951
2687
4390
4927
5552
10734
238
12745
9410
6901
10054
13624
9137
9941
8640
5097
9939
10260
9484
3552
13709
3360
8328
5628
7751
5783
4507
11626
146
12891
2294
7178
13117
9881
13037
11419
8690
7081
4733
8912
4384
9426
12612
10625
4545
596
12508
9674
5164
12583
1647
6815
2700
1700
2773
6968
8143
6219
86
11278
11247
13281
2594
1029
136
6972
7024
2854
1200
6121
8758
11250
6296
3927
12240
8468
3606
12261
2330
2187
195
5059
802
2668
241
2068
11619
12037
644
9116
5103
1637
7552
8312
3074
9014
7296
3278
8003
4970
9781
8326
6915
11940
7829
62
10884
10935
11474
9953
679
2041
8933
5307
10211
3641
11358
11200
3258
1873
4744
2912
4027
5488
11877
8024
7786
12724
6864
489
8685
690
602
1014
869
1993
7610
5283
4370
1361
1526
1629
1551
12436
13329
1337
3901
5041
8252
10045
5039
2346
12774
5485
12200
5694
5119
5166
1134
8342
11942
4017
12854
2424
4138
859
2962
8089
13040
12475
11775
11668
1364
12156
1779
9543
2101
1818
369
4937
5285
8367
11143
7071
2093
7817
1920
82
7331
7304
816
10659
4396
8475
6124
4120
10945
12201
1813
1271
8751
2994
10474
6409
10910
2642
9280
9549
2305
12997
11881
4195
13038
3849
13543
11538
13171
3554
2195
2600
6163
1518
9681
10082
6309
5755
5633
8399
12804
7162
10375
10108
1988
7737
517
6160
10305
12495
11095
9942
4456
2761
6481
5911
12419
6547
4855
7644
12188
13326
6358
2438
3765
6432
8643
7846
9792
12344
6340
4821
18
3560
3951
49
13611
887
6261
7236
6989
6043
8708
3168
2949
1424
139
3197
5131
112
8160
11937
4559
4595
4690
7951
12224
3277
4068
4408
9750
11807
451
7262
3731
7256
12314
4986
3663
2763
8850
10117
1855
999
389
6426
1476
2240
12578
8112
992
7032
4997
3922
2972
6871
10373
4769
1293
4173
2535
12567
1907
11402
13061
8560
6033
7619
1151
1567
3171
7106
4160
4287
2230
174
1903
9291
8752
10092
3408
1538
2292
9523
1363
4357
5260
12679
10439
680
10866
3664
1661
508
166
11809
9198
11471
7365
1914
7263
13255
13410
7361
1104
10777
5310
12442
5754
152
10918
5679
12572
3551
3722
10130
11755
4538
11576
8463
1991
12114
8501
5141
3811
11975
3450
4591
7352
205
9327
6680
2749
8497
1849
12474
3240
10915
3109
5934
11258
5810
8575
5634
4307
3156
6534
11952
11399
8891
3832
11984
4776
7997
4276
13408
10057
13202
278
6771
7415
3252
9930
12933
289
3075
9935
9582
9729
270
4570
12071
9583
6696
4316
3180
1422
8275
9065
10854
4557
7812
6297
10065
13337
1132
6242
10431
12889
7423
10009
9899
5520
9408
11971
10306
9256
3786
10228
8345
2161
3008
1105
10141
692
4956
8307
4369
2765
3929
13333
13510
7778
628
2451
9815
3824
12351
13696
3743
2176
6689
8858
3318
9974
9653
7432
2787
1196
1676
3947
7618
4444
5722
13348
11658
2369
4967
2217
8148
3326
10203
3583
13446
13511
3619
6217
2468
8277
11638
5973
3667
5158
7594
6976
3423
8199
2409
3212
11773
5366
10990
6593
2895
12036
12675
3642
10190
10126
11758
9475
11848
9061
13330
12331
8548
13625
5451
7160
7866
2743
13653
4958
11306
6474
7888
8811
492
1116
5637
12078
13575
11647
11843
6589
12480
7557
11002
5241
12713
2783
10114
1696
5685
2295
5939
7763
3313
4781
8350
10240
9784
7605
215
6707
11331
8682
12570
3483
7006
5102
6599
3764
10913
6410
10418
25
7659
11992
9744
12663
11856
6683
9171
11313
8584
11337
11820
10551
13274
11388
1102
3276
5345
12488
12101
8386
8835
9979
13740
2207
4552
4402
7395
3718
972
4579
6516
719
6155
12978
2803
2566
4025
6198
8224
12151
4063
2792
2222
5818
3866
9944
11917
3227
4214
3923
10264
1401
8931
7703
4979
3253
11871
2661
2158
8578
8088
674
10606
7011
10095
3841
1815
11449
13530
2100
12121
6708
1673
4213
10000
1548
9937
8547
5184
1461
12916
3220
11600
12603
7170
7430
13122
1751
3976
8353
1772
9388
2016
2005
3893
3237
4424
8588
2257
4072
5574
9083
13079
5355
8418
6093
7935
11140
1519
11594
1378
5672
9215
2587
13433
5621
10856
11329
5842
7122
5832
9821
4888
5904
522
8043
3607
9120
234
3796
6318
7094
1948
6361
12934
6091
12503
2224
9298
9010
5571
4523
5793
12122
5738
2624
4728
7818
8859
13636
12547
9080
12568
2437
6056
9009
6352
3167
1809
11135
7161
9456
5086
11418
7016
10719
4945
6046
12453
12736
6919
5590
7226
1228
10598
6846
8244
12528
6555
159
8851
9779
1589
13534
13050
13027
12843
6687
12857
12660
10899
7480
12739
1556
2828
436
5789
11222
1588
7398
2780
12356
9242
5686
3965
4727
9165
1238
2951
10208
10629
1497
6465
7355
7823
7547
7913
11776
5185
5647
12927
5242
2130
2092
5409
187
12002
7938
3655
3426
10703
1381
11398
8605
7427
5037
4897
3175
10968
8448
13613
10898
2235
8068
9959
4236
10199
10523
9764
24
3363
1088
8733
12598
2841
7537
7470
12822
4152
9501
695
12628
6337
1227
1999
276
5929
2953
3637
3906
4778
5845
13342
4117
1137
2767
8182
10909
7661
9134
11957
2490
13320
7742
3935
2384
8016
7084
115
1863
3119
4258
12699
11635
2819
10483
10324
12504
4699
3802
6068
3536
3825
6642
11892
1946
12009
10494
11467
9802
7269
10730
7929
7166
6963
5867
4761
882
557
11154
1207
10421
7684
10628
9702
6538
3211
3630
1708
11351
8458
1140
3162
6207
3730
10101
2660
8848
1307
2567
9190
2834
13435
9429
2151
10727
3835
13338
10540
11301
9326
5004
6626
9495
1627
11009
9714
13490
358
138
8491
9748
382
10363
4857
12787
1439
9569
946
5498
4916
8556
1932
2352
3236
9493
11379
3807
1936
12251
4154
8988
2416
10525
6139
785
6789
8036
8315
13018
5668
2172
2169
6628
4009
4340
910
6268
2309
10033
9449
6591
4458
7597
9370
10570
12844
4652
6218
442
3415
9591
12029
10539
9649
10778
5744
1054
11998
3699
929
6468
8767
1829
10635
11190
2011
913
7611
11323
10594
2606
4928
9783
6564
11193
6
7835
6583
3361
10135
10722
1635
1141
12004
359
2070
3134
5160
6990
3243
2242
1474
11810
10081
3259
10213
4020
12150
8566
3500
2658
11620
1130
1819
7461
10788
10750
11228
7064
4318
9342
4669
9428
5476
13527
12064
1856
2282
11967
4008
6401
13650
12756
386
1628
11586
12830
7718
10564
13708
9101
11912
10058
1842
2497
201
11043
3868
5054
5889
2702
7922
331
3808
935
1774
10825
8611
12588
989
5443
11465
6993
11757
5806
12023
11974
6574
3052
11886
8365
4615
3321
10447
6246
6048
3311
11825
10820
12906
8210
3628
12191
1356
5002
10679
5823
13073
5670
3112
182
13642
10004
855
11986
4912
11747
1800
12731
5482
11463
1968
11454
11201
4697
4987
4650
1159
9405
10649
1325
10288
11617
4796
6796
5808
13572
1455
5410
8333
2800
9836
10332
7616
12311
7815
4378
8921
10937
6716
10128
3736
2261
7429
4005
9302
12367
2394
1185
2007
193
8770
5525
771
1478
1846
3740
10987
7986
405
13272
10265
10088
12140
6317
6581
1447
342
7468
727
4577
9168
9250
3516
12231
13306
7156
7851
10178
9491
1348
660
1492
11264
11730
5154
9885
13181
9277
2524
10592
11652
5374
3198
5717
13617
12521
11874
8259
11055
40
12159
6816
10567
11221
2723
12640
11793
9335
13390
7155
10562
12689
7230
10412
5075
7880
5394
9641
11763
7789
12852
4088
1967
12366
12158
13197
6999
423
12750
10096
13076
11795
6142
5661
9031
4596
2659
141
2597
6701
1377
3674
9658
13608
6362
12886
4741
1138
10449
7374
1787
12049
4646
7568
459
6115
8179
948
9528
6370
4628
7358
5925
6040
441
6659
9794
10430
8831
9046
3830
12928
6144
12455
6344
1958
9262
155
10487
12605
4578
1089
6049
12600
9122
7950
1674
6763
11520
6416
13155
2326
7096
11812
12501
6450
1715
9890
9172
8381
9433
3831
6299
3348
13094
9177
10013
587
9346
13098
10091
2990
12771
10864
12203
9587
264
10848
6788
11710
10131
3864
10435
6274
11941
13481
3711
8438
9786
1529
11288
923
10798
7329
4364
669
3604
5108
10102
12390
5248
7183
2591
5906
9973
6509
7133
2307
8804
3690
687
612
7167
10859
3200
10459
6629
4135
1898
282
258
12970
4943
2822
3525
13289
5223
2285
6063
8078
4654
5000
6710
12836
8676
10403
5416
475
2555
8087
7
6411
12609
12264
5546
2426
6744
10006
13246
2274
9203
1577
7264
9259
10183
3970
5879
11929
12841
7193
3867
12958
6823
7548
781
1749
6519
5774
9283
9369
2324
10271
5055
12404
10482
1727
610
4666
5413
8103
8174
8535
3750
97
6985
3137
1537
3648
1517
12871
4624
6566
2090
7097
6171
7521
572
13089
12483
3062
597
6633
12974
7875
7345
6304
11039
12992
11234
5976
8562
1938
11544
8100
1753
3670
12172
2361
4260
5432
6285
11369
13025
10827
12250
11401
5591
1171
7927
11067
9614
12872
11123
12608
874
2297
12803
2643
12751
5347
9032
13663
581
204
7896
9833
2014
905
631
8461
11466
1974
162
4998
11341
9557
12044
4713
9067
1431
6868
12576
7710
7736
4283
7531
10944
10053
3384
13159
11169
13472
7462
3331
13120
10595
6404
8895
2096
10195
13192
7999
5017
8738
1449
6900
2610
1900
8186
3920
2757
6397
10077
11924
2097
8329
13004
5624
9028
3471
8266
2171
12701
12637
8590
2010
13466
1283
11726
10028
13212
1019
9518
8667
2810
11872
1651
13230
1169
10720
9398
6256
5469
12013
10258
867
5093
5433
541
9324
13528
6354
12849
3390
11052
13662
10775
3959
6643
6841
11391
3586
11103
2563
10822
10955
5036
1080
5891
10277
10644
4966
2023
12363
7909
12003
7321
226
1013
1929
11528
5251
9596
2179
697
1124
7378
13160
5110
7902
1778
10959
2634
7544
7604
3489
1037
10448
11235
13670
8505
2649
10473
2979
2547
5132
2159
9114
6445
3967
1428
11569
2520
8033
12524
11875
13576
448
11669
9476
5995
11038
3727
7353
8553
6279
12297
7295
9496
6251
5926
2460
22
2066
1653
8894
8706
1376
1724
10660
3754
10517
8652
4183
4082
9678
8474
6579
4558
3537
7003
10773
9560
13032
12615
8789
9951
646
6381
7527
13341
13699
7165
13494
7697
12944
4875
10736
11817
5341
11737
7031
2160
685
2461
7128
6267
4941
5946
4583
5784
10422
7569
11865
10512
521
8714
12288
3983
13154
11900
780
10613
11297
5607
5978
8843
3747
2196
8561
13594
4285
8569
10408
9832
9805
6979
1827
9154
13311
2376
8551
3839
1246
7504
6511
12594
5439
10759
10229
12717
8964
10681
13370
13128
5510
5330
4531
9866
365
12085
13727
147
1668
12167
7650
8599
7788
3456
3271
4940
9223
11107
6230
12253
12198
9047
3926
11752
8080
78
7088
2247
11342
13681
11385
7451
8980
2279
8123
3897
11071
7177
9312
13012
3631
11861
6272
8616
392
3191
16
4200
2672
13133
6164
11287
3493
9651
7394
4839
593
12818
8737
5827
10749
7961
5887
2355
6036
4798
10634
11896
4592
8656
163
12744
12982
13450
7380
13693
10201
6356
9092
5542
6007
7993
7638
6793
10900
7758
4837
2293
6548
7898
4481
3716
10837
6140
9956
1549
10331
2044
767
5693
7870
9700
7857
3302
4517
12489
12476
3292
9011
1403
1382
10340
6928
5671
1638
13473
6907
8591
6406
9074
1179
5448
10322
5078
8648
5175
10142
689
12179
6525
13504
6488
10145
7154
11571
6610
10902
12056
4349
1884
11889
2494
5947
3036
5777
845
8734
7967
12196
7340
12389
11389
7137
2964
2529
5772
1048
7045
1960
2530
11138
8429
4917
9325
5901
8286
4259
11787
11876
5656
6097
5907
7373
2978
12190
12800
6721
7842
8264
12069
3138
8325
13655
1826
5548
8785
10917
560
12120
8435
5435
4437
10382
8597
1442
8453
4406
13114
1689
13574
9917
12372
5962
2496
11254
340
2408
9793
12700
5782
4576
3725
13682
2785
9715
11832
12929
1012
5280
4895
9958
7121
6549
4037
148
285
13282
8555
11552
9732
6770
4443
7446
236
13196
10754
7123
11477
13150
3083
13207
10294
632
6813
2493
2665
11676
11753
11572
10526
10060
11802
4211
9686
10593
3874
9424
10853
2817
11349
13256
13497
12355
7426
11833
13514
11253
12664
9777
1735
7397
11015
4255
11376
2475
10756
13728
3713
12352
1804
707
11238
12652
5189
13399
5472
72
7843
5101
6764
9382
10793
1125
1241
12881
2349
6602
6780
9769
4358
1343
13733
11944
13177
8632
6652
1100
10829
9160
8841
9738
7327
7622
987
10658
2852
8853
630
1249
3179
482
9776
9654
3040
5010
12016
7000
3273
7227
3683
6674
6807
13392
1316
3225
1072
4815
11623
10823
9852
5752
10617
12585
4616
3097
12979
6869
1300
7285
6284
11582
12197
5495
5291
9600
10037
1798
9667
5203
8227
5047
6441
8636
8105
2359
12909
3654
7052
1286
12557
4445
2137
6787
10828
9873
13412
11701
12333
6894
9884
11781
10733
8564
7151
963
6012
4882
140
12420
8906
6936
6542
5243
11380
10030
4431
11489
406
8212
9196
11504
10603
10737
13229
10582
9135
8234
11022
11214
4399
5252
11
4760
1177
10139
10693
2863
6471
6228
9218
2989
9153
11081
7117
11207
7010
11767
8927
1440
13405
2875
9108
12516
12096
11339
7232
3726
2772
9816
454
9013
8189
1367
3712
13551
1388
9042
1000
7761
3553
4114
9829
1667
3173
9539
12932
488
3230
3828
10824
11903
5208
7848
11424
5704
13264
8133
703
5105
12235
3291
8125
10600
9519
13252
12405
4909
4440
12526
986
12707
13340
7705
6257
6089
10666
5238
1198
9710
12478
7519
6812
9991
9206
8320
9556
10225
7175
4470
891
10985
1969
5757
6527
6294
7595
9110
3249
6570
6638
7351
12619
9400
7473
12672
11934
1239
2289
2740
8467
4585
9227
1229
9200
6980
5178
10724
4293
1058
6262
11036
281
9235
9508
968
10573
3953
1939
11631
1274
619
11693
1742
1390
2203
9771
9847
3568
10544
10404
6116
13710
6052
3178
3192
9499
6099
7029
575
10552
6656
7115
13409
6276
9472
12359
11083
5897
5724
10185
10831
269
629
3081
3466
6430
12816
7062
13379
5543
10238
4356
12542
2113
8219
10232
13052
3216
3814
8321
11808
2278
4599
13
12694
1525
2365
4648
11244
10532
374
11715
6477
525
9131
13441
6895
10339
3591
11106
7904
2958
529
3714
4732
9461
1394
9989
11171
9633
10574
13561
5631
9465
6563
4703
1712
13420
955
6675
3453
9579
13415
8595
2071
13395
10169
158
7005
9094
352
6078
6236
8946
11163
13718
2920
8503
4644
661
7057
10181
3665
7979
306
10527
4790
2356
1927
12846
3427
8941
3638
11824
1266
1560
12901
10326
7179
4109
7867
4904
7294
514
894
8601
21
11577
13671
899
207
458
10246
2430
8442
9299
3389
9905
3911
5383
8907
552
9631
10462
3144
6917
2056
1925
634
6082
8508
12758
13319
8619
11815
105
3041
10361
1709
89
7014
10433
3174
917
7833
6732
1949
11040
6368
1
8032
6047
9127
12678
2720
8783
13493
3117
11128
13028
10640
9768
3762
213
778
3496
12134
2043
8920
5420
6154
9759
8357
11987
10205
8465
4167
10960
3788
8586
583
13630
13730
116
6644
12421
13684
13437
12321
8712
1763
1875
11536
10445
3224
526
7725
2946
4473
5655
8884
6059
959
6342
3633
1050
8782
8711
3380
3676
5776
12438
6573
5179
1607
3610
13423
6635
13749
10001
791
8984
3056
10047
1980
11425
3598
933
7424
5626
1682
4179
6446
4116
988
11703
11645
2896
3778
5658
11722
3093
3155
11393
1823
13243
1098
10396
2844
9078
3342
38
6540
12869
8707
3356
9645
11745
11801
10698
11186
7813
13381
9098
8220
12696
10699
2428
5043
5346
8954
4811
8476
686
4799
7437
2353
6353
12287
4569
8213
2752
9077
8073
9109
1040
7491
1265
12748
7059
277
5084
10276
9437
2382
571
1435
9439
5352
11718
10706
5445
1007
4543
12133
2064
1136
9882
12728
5343
10177
294
9739
10204
8780
11521
2403
10321
3998
12835
3741
11700
12691
2719
12665
5150
2808
9017
556
12277
4795
2469
3738
4286
9908
2604
362
6924
1704
2139
3239
2383
7314
4311
9477
1312
12969
3930
6183
13167
1591
12918
2162
2396
317
9516
11303
5233
5068
4036
8987
3020
9903
11579
8228
9105
5295
3972
5370
4133
974
7291
9175
954
9610
9752
9547
12807
5016
13384
9179
10874
7490
1640
1290
11873
1380
1933
4675
12573
11352
10222
892
7287
4876
7906
8194
12908
10301
9041
10929
2466
7657
10106
9788
1913
11362
2736
726
7214
8245
1796
3845
6402
10745
10992
936
2265
824
7274
11593
1389
3564
9076
5429
7827
5690
7878
1868
8202
11607
7486
9655
806
4805
13077
10300
12593
13692
10426
9155
7511
8056
4494
2632
12244
8896
8623
7832
4388
145
6467
2033
12558
1165
11692
2050
3760
10816
4435
3430
8190
12054
7069
4361
10616
9454
1771
3511
271
8436
2032
9005
13299
3810
12742
9996
4346
10653
545
3241
8930
8502
11713
9323
13638
10961
7564
920
12546
11779
6640
7694
8230
7126
4278
2983
130
7980
2667
7138
3223
9374
7693
5392
614
13618
1466
4497
3042
9126
2419
5085
3294
6737
1500
9018
1521
12545
11122
4232
7686
8820
4430
12045
390
13563
7124
5913
8592
4806
12703
11551
8238
8044
13455
3993
11834
11918
13140
6609
5319
13535
7119
2421
5604
1750
13508
12399
13368
338
8407
11855
1341
13132
7982
12086
3640
329
12148
3004
6960
4090
11307
9828
2322
6667
7009
4197
3549
9650
8363
4203
12814
11761
12291
6185
1639
9130
60
1240
5760
5136
2343
2120
1524
7617
153
481
6122
7674
7101
12112
1762
8942
7715
9977
12494
7479
6212
4853
2711
6766
4150
1333
12947
11046
8378
9328
13216
13353
10250
12551
3850
8340
4124
13316
11555
4788
2866
11968
1386
5941
3067
12463
3629
13015
12308
3028
2969
11664
9900
11145
8646
6136
8801
4263
645
13286
2074
341
8041
1622
7141
5796
7184
13179
8232
5475
10281
12116
10367
12732
74
13606
13654
10849
11372
10268
8633
12698
2051
2541
1301
5877
7368
11622
1304
8428
12510
2599
2573
11472
3186
12145
2768
4831
4223
13279
2106
2679
10953
1387
13313
13060
12283
13294
7083
1279
804
1555
13054
11382
4566
13307
4841
3594
6035
6852
10112
8705
4177
1308
9106
3452
3695
4242
11348
2198
8966
4425
6150
943
822
5005
6612
8356
5619
4547
12175
2538
13748
9503
5207
13090
12391
3054
3675
7776
7218
6722
3300
3310
7221
8519
10682
5954
10998
832
11271
3462
12839
7643
54
12256
3451
6305
10093
1481
4873
8038
3335
6016
4926
9138
5797
11485
10353
13520
5083
6645
11249
5490
768
2065
13071
11687
7311
8477
13666
4524
11568
10524
2717
2079
11581
8914
951
8058
2482
10454
9181
11404
1759
9984
4422
6704
9916
5182
8533
3701
4243
688
3432
4944
966
13354
13051
10395
2713
4757
12350
13134
6320
5975
3572
5299
1990
12312
1205
4971
13378
6783
3600
6490
8609
13719
12439
8070
8577
7973
12810
1625
536
8766
7970
4212
6456
3507
8393
9524
7112
11694
2708
5031
6514
4662
4021
1854
13529
2872
3030
9397
1645
3417
3476
13141
11053
1792
3797
3368
11559
11725
7196
13267
5109
6024
11641
8795
11248
12788
126
5959
3876
11127
4451
7147
3531
10922
827
9831
7790
984
11473
11197
7783
10380
13183
2443
8554
10541
345
814
6166
11397
12487
13449
11517
12298
5779
2116
10026
793
13677
6898
2674
94
4225
3756
2891
2371
11420
12919
3228
7863
6359
12659
7326
6028
11045
11104
1865
4612
10049
2645
2243
5373
2336
950
11260
1120
10789
2204
419
922
9446
8669
10227
5408
5788
5742
7667
5567
8135
1202
10818
5765
8389
1970
11302
4018
10343
3687
1997
4033
11246
1248
2192
2712
9184
2190
4670
5142
5984
6565
7804
11954
6943
11789
9510
10055
10535
10641
2136
1065
600
4227
10813
7577
77
7546
2898
4820
9506
12802
6413
9444
9064
12042
8007
5468
5951
13436
11157
3391
5415
2560
13602
8162
2635
5256
3530
8567
1908
13656
235
12219
1604
7984
9310
11869
3490
13548
11150
1994
2824
12778
10568
1342
8512
1619
11905
5287
2060
13688
2219
9865
6038
260
12890
10231
9093
3744
2026
6988
4234
1917
1828
9765
6233
12848
6283
4208
224
8915
10002
9333
6469
12956
10954
846
4289
5560
2551
11120
117
8837
5966
8195
12362
8659
7489
5
5342
9111
10787
4324
1063
2590
8434
9352
11062
3735
10589
3517
6986
11613
10755
6767
5622
1605
1733
10516
10901
12858
9504
11640
3812
13245
10554
10167
11706
1761
5401
2739
13253
2472
6738
6891
12199
7943
9685
4206
6371
10350
9361
10348
232
8258
7561
9795
6168
11475
3596
6288
4632
125
7641
6229
1296
1976
13045
12987
10267
5750
8152
3086
12764
6882
12806
7673
3345
8172
12965
5870
6506
2797
918
1646
5122
5126
4621
6809
364
11479
2125
8150
12315
8717
55
638
302
10958
5811
1276
10247
4432
3644
4143
2878
12394
6493
10478
10453
5240
12945
10488
6937
7240
9945
10160
2593
11309
2393
523
6376
6981
6677
3900
13257
5585
12885
7956
7570
11314
6777
12348
10161
671
4188
666
3266
1887
11458
8472
9911
11139
12647
9091
7687
6031
13525
6090
6238
7350
7830
760
6254
1906
12234
12015
12330
3818
6269
4300
5569
7941
10785
4164
11223
5971
3579
2832
5449
3472
6327
137
7043
4892
2180
10320
7730
3177
4854
4637
5115
12801
7648
4261
12536
1331
10209
12734
10674
7002
9550
6941
8017
6241
9521
13731
6881
10342
4530
10314
4673
12173
6996
1252
11470
3374
2814
4719
6544
10040
4858
7901
11229
8580
8427
1077
10176
4363
12154
770
10357
12725
8865
249
9766
7239
3419
10273
10015
13209
4976
4544
5565
7939
716
13284
12338
2048
5997
6600
7245
4178
4809
10916
13049
7140
7190
1460
5989
9860
10948
2000
12763
12805
8175
404
384
13002
13055
10344
1633
13145
4784
13016
6970
3925
4158
7449
8415
2193
11328
12661
10016
1015
5124
7418
7409
8989
2871
9
10136
1838
4804
255
7026
5713
12677
3324
7714
1581
11148
924
2779
10700
7891
6132
5320
7312
7102
6042
3775
4835
12328
4964
10971
539
7483
2745
3719
13123
6819
9337
4468
667
7575
11211
8549
5063
11023
10975
1353
7114
13445
8662
2703
3330
8053
11829
9588
3584
12994
5645
3376
1256
6190
11704
9442
5348
11003
12490
11476
11125
4175
4910
1852
6316
13554
2105
133
5029
928
823
7576
11632
1531
1214
504
12477
10188
6530
3072
10150
9576
9086
8647
6619
9273
3709
13190
4849
4748
4268
11714
12326
11794
13587
8905
4186
10406
5301
2923
6588
1810
3486
7419
3141
10019
9347
1324
4312
7494
8702
9872
8691
13074
10048
9580
11911
10578
5541
11428
6172
1540
9409
2681
13591
11185
6313
1191
5293
1542
11493
11516
7056
2539
953
7241
6731
4846
6801
8010
4330
8924
5334
7330
9348
4729
11486
6541
11174
5305
5161
7860
2156
1062
10808
1167
11414
3636
7651
5588
11130
7192
4491
7266
11332
4980
8335
13685
11769
4946
2782
717
10011
2502
4360
4171
8082
13426
395
7186
13507
4492
1365
13105
8787
12144
5917
4968
2914
10518
5644
3766
3440
12043
12324
7357
6806
9879
2143
5104
5073
1571
4079
1122
2786
2967
2504
5988
11657
8867
11000
7164
11540
728
7587
7543
412
11338
9708
5745
7668
825
3267
3974
8808
8306
417
11261
9817
6748
8967
12377
11088
13270
2082
8945
10738
12161
3373
5726
4107
10636
4380
7723
1066
3913
5536
8002
5387
5732
11690
2738
5052
4000
9760
2427
11938
6833
10123
1687
851
11738
6303
9087
12784
5878
8527
2839
11279
4611
9540
9207
11008
9823
2489
11922
6905
7390
11443
2849
6665
5881
10262
4452
9949
7421
9827
12838
6484
2479
6617
10457
11151
13361
11251
2141
11310
5188
13350
12237
11548
2744
7253
3506
1679
4249
3147
8130
10486
7004
580
9662
12991
4070
3343
13184
7404
12775
3672
559
5237
7805
11041
512
12921
1081
1664
9204
1931
13302
1150
2838
5949
8308
8932
13462
5177
11867
830
8311
4752
13424
13372
635
4465
12556
6799
7987
7079
6966
4142
7027
9183
876
4869
5315
5222
4
3051
5691
3124
10852
2491
3854
13125
4777
9907
7509
6457
6293
1148
11453
574
3769
11928
4146
853
10174
10966
5919
13121
9358
6614
6002
9163
10893
4495
8173
6655
12039
2368
12307
4780
12323
7992
2950
5625
6971
8716
10647
13208
1841
5986
537
2806
5801
5596
7206
7343
12533
7560
8096
11367
784
12249
1409
10729
154
7806
3009
1686
11093
4014
7455
12913
3863
2733
1895
5442
569
6709
5854
1816
10257
8319
3394
3327
13726
6102
2975
980
10492
190
9331
5088
699
13425
606
12468
301
3420
13482
1060
10757
3444
1069
10716
2205
9435
7339
8208
7679
11312
4642
7683
12946
9007
7996
11259
12740
5600
9151
7022
4893
225
3354
5895
10677
8754
3436
1693
6893
1045
3446
12757
8050
9146
13725
10927
11296
4735
4496
1218
6015
9719
3987
4911
9492
4493
6944
5699
8352
12259
956
11983
11426
2869
11969
4433
4973
2961
2200
98
13547
2557
11375
8445
12115
4199
9637
5539
1648
12874
12915
12183
9888
11383
6197
6295
4499
1154
2255
9874
3170
7400
10248
7158
12282
3108
4548
11915
5423
2049
13168
11835
9208
8815
13474
262
11561
4061
5534
6616
8120
8155
1802
4736
13736
2385
6694
5759
1959
2976
8680
1843
1734
2911
11411
8338
1986
9561
6546
7098
2811
659
9986
2511
11589
4282
9339
11464
8800
6287
11774
1930
7125
197
7777
2931
8004
2327
4389
8958
12688
4218
11447
202
3510
4931
5535
9925
5791
10969
1707
5172
5249
11666
6528
13544
5855
8164
854
4737
12289
10352
698
11344
11191
3696
1636
7280
7554
11649
3581
1291
12851
6585
1853
5232
3763
3304
1495
11935
11637
7994
1998
663
12971
3748
4413
12936
5530
5575
8901
7526
9474
5864
13260
10867
6776
12221
1306
7392
10429
11494
5592
10230
9721
1663
5450
13660
13687
3627
13339
13083
2693
11252
9789
10921
10817
5915
3157
11506
9914
13471
6668
1059
4636
3242
1678
6892
6374
7574
1757
6019
12383
5116
8755
7408
2790
863
7858
1484
7035
7721
5977
5134
206
4488
6938
9062
12685
6910
502
7385
1028
3840
10882
8110
5056
9762
8154
10965
2731
8996
11837
2454
12790
7215
3104
13067
8392
6278
3099
6184
10470
3561
5892
12666
12706
391
6736
5618
5258
9687
2695
2027
13440
5463
2568
8006
64
12076
2062
5276
7208
8684
8571
6331
4859
12185
4887
9268
878
8529
7916
6863
7892
6439
7869
1016
9467
11990
7629
12743
11534
13103
995
10173
4297
161
5675
6873
12990
9692
7989
3843
13417
10805
11653
1021
3073
7555
3943
1585
10147
3152
8226
12206
775
10748
9670
7099
5486
6235
9555
7041
2612
7513
11016
10233
8433
10253
10555
8792
10627
5393
11080
8838
3890
3556
11394
1528
1267
7734
1899
4658
3005
2734
189
9998
9167
2747
2047
7849
2558
9274
8666
11096
13035
6396
12309
3385
4555
1184
6420
5051
5311
2433
6949
10583
769
1685
8322
11111
11363
11636
5578
4426
13526
466
6265
5734
11284
11964
5191
13418
5390
860
7270
